2013-11-20
==========
19
27
20
23

2013-11-21
==========
20
29
20
20
25

2013-11-22
==========
20
30
25
18

2013-11-25
20
25
22
22
27

2013-11-27
20
20
25
22

2013-12-04
20
20
30
22
6

2013-12-05
20
20
20
20
20

2013-12-06
20
20
20

2013-12-07
22
30
22
12
16

2013-12-08
30
30
30

2013-12-09
30
32
30

2013-12-10
35
32
30

2013-12-11
35
30
30
22
30
30
30

2013-12-12
35
30
28
8

2013-12-15
45
35
30
18

2013-12-16
35
30
30

2013-12-18
30
30
30

2013-12-19
30
30
30

2013-12-21
30
30
25

2013-12-22
30
30
20

2013-12-24
35
30
28

2013-12-25
35
30
30

2013-12-26
30
20
30

2013-12-27
30
30
30

2013-12-29
35
28
20
25
30

2014-01-02
35
30
30
28

2014-01-03
35
30
25

2014-01-04
31
30
25

2014-01-06
31
30
24

2014-01-08
30
25
25

2014-01-11
30
31
30

2014-01-13
20
21

2014-01-15
21
25
30

2014-01-16
30
30
39

2014-01-22
30
30
30
20

2014-01-23
30
30
20
20

2014-01-24
25
30
27
27

2014-01-26
30
30
30

2014-01-27
25
30
27

2014-02-04
25
25
25

2014-02-05
30
25
25
20

2014-02-06
25
25
25
20

2014-02-07
30
30
30

2014-02-08
30
30
30


2014-02-10
25
30
30

2014-02-11
25
30
20
20

2014-02-14
25
25
30

2014-02-16
25
30
30

2014-02-19
30
30
30

2014-02-21
30
30
30
30

2014-02-23
30
30
28

2014-02-24
35
32
30

2014-02-26
30
25
30
30

2014-02-27
30
25
30

2014-03-01
32
25
30
30
30

2014-03-02
30
30
30
25

2014-03-05
30
30
30

2014-03-18
15

2014-03-19
30
30
30

2014-04-01
30
30
30
30
30
30

2014-04-02
20
20
20
30
30

2014-04-03
30
30
26

2014-04-04
30
30
30
20

2014-04-05
30
30
30
20

2014-04-07
30
30
30

2014-04-08
20
30

2014-04-09
30
30
30
20

2014-04-10
30
30
30

2014-04-11
30
30
30

2014-04-13
30
30
30
30

2014-04-16
30
30
30

2014-04-18
30
30
30
30
